17 17
5 5 5 5 5 5 5 5 5 5 5 5 5 5 5 5 5
5 2 2 2 2 2 2 2 5 2 2 2 2 2 2 2 5
5 1 1 1 1 1 1 1 5 1 1 1 1 1 1 1 5
5 17 14 0 0 0 0 0 2 0 0 0 0 0 0 0 5
5 15 16 0 0 0 0 0 1 0 0 0 0 0 0 0 5
5 0 0 0 0 0 0 0 0 0 0 0 0 0 0 0 5
5 0 0 0 0 0 0 0 5 5 5 5 5 0 0 0 5
5 0 0 0 0 0 0 0 5 2 2 2 2 0 0 0 5
5 0 0 0 0 0 0 0 5 1 1 1 1 0 0 0 5
5 0 0 0 0 0 0 0 5 0 0 0 0 0 0 0 5
5 0 0 0 0 0 0 0 5 0 0 0 0 0 0 0 5
5 5 5 5 5 5 0 0 5 0 0 5 5 5 5 5 5
5 2 2 2 2 2 0 0 5 0 0 2 2 2 2 6 5
5 2 2 1 3 1 0 0 5 0 0 1 4 1 6 6 5
5 2 1 6 0 0 0 0 5 0 0 0 0 6 6 5 5
5 1 6 6 0 0 0 0 5 0 0 0 0 6 5 5 5
5 5 5 5 5 5 5 5 5 5 5 5 5 5 5 5 5
96.0 336.0 240.0 192.0 480.0 144.0 672.0 288.0 576.0 672.0 |
|
