17 17
5 5 5 5 5 5 5 5 5 5 5 5 5 5 5 5 5
5 2 2 2 2 2 2 2 2 2 2 2 2 2 2 2 5
5 12 11 11 12 11 11 12 11 11 12 11 11 12 11 11 5
5 0 0 0 0 0 0 0 0 0 0 0 0 0 0 0 5
5 0 0 0 0 0 0 0 0 0 0 0 0 0 0 0 5
5 0 0 0 0 0 0 0 0 0 0 0 0 0 0 0 5
5 0 0 0 0 0 0 0 0 0 0 0 0 0 0 0 5
5 0 0 0 0 0 0 0 0 0 0 0 0 0 0 0 5
5 0 0 0 0 0 0 0 0 0 0 0 0 0 0 0 5
5 0 0 0 0 0 0 0 0 0 0 0 0 0 0 0 5
5 5 5 5 5 5 5 5 5 5 5 5 5 5 0 0 5
5 2 2 2 2 2 2 2 2 2 2 2 2 2 0 0 5
5 2 2 3 1 1 1 1 1 1 1 1 1 1 0 0 5
5 2 1 6 0 0 0 0 0 0 0 0 0 0 0 0 5
5 1 6 6 0 0 0 0 0 0 0 0 0 0 0 0 5
5 6 6 6 0 0 0 0 0 0 0 0 0 0 0 0 5
5 5 5 5 5 5 5 5 5 5 5 5 5 5 5 5 5
|
|
