17 12
16 20 20 20 20 20 16 20 20 20 16 20 20 20 20 20 16
16 20 20 20 20 20 16 20 20 20 16 20 20 20 20 20 16
16 20 20 20 20 20 16 20 20 20 16 20 20 20 20 20 16
16 20 20 20 20 20 16 20 20 20 16 20 20 20 20 20 16
16 20 20 20 20 20 16 20 20 20 16 20 20 20 20 20 16
16 20 20 20 20 20 16 16 16 16 16 20 20 20 20 20 16
16 20 20 20 20 20 16 14 14 14 16 20 20 20 20 20 16
16 16 16 16 16 16 16 14 14 14 16 16 16 16 16 16 16
0 0 0 0 0 0 0 0 2 0 0 0 0 0 0 0 0
0 0 0 0 0 0 0 0 2 0 0 0 0 0 0 0 0
0 0 0 0 0 0 0 0 2 0 0 0 0 0 0 0 0
0 0 0 0 0 0 0 0 2 0 0 0 0 0 0 0 0
|
|
